1	26
1	172
1	259
1	266
1	535
1	710
1	781
1	852
1	960
1	983
2	98
2	132
2	143
2	235
2	443
2	543
2	769
2	845
2	863
2	992
3	124
3	144
3	176
3	230
3	368
3	635
3	810
3	824
3	887
3	903
4	73
4	108
4	118
4	231
4	563
4	703
4	831
4	881
4	954
4	996
5	80
5	202
5	216
5	391
5	479
5	495
5	561
5	589
5	830
5	875
6	162
6	398
6	470
6	484
6	534
6	546
6	571
6	777
6	862
6	994
7	74
7	205
7	249
7	257
7	260
7	270
7	468
7	519
7	774
7	918
8	27
8	101
8	121
8	163
8	237
8	251
8	689
8	803
8	894
8	964
9	56
9	88
9	140
9	171
9	175
9	393
9	430
9	522
9	659
9	780
10	218
10	240
10	479
10	516
10	637
10	908
10	913
10	966
10	977
10	979
11	13
11	19
11	102
11	230
11	374
11	528
11	542
11	701
11	787
11	914
12	98
12	136
12	162
12	163
12	167
12	199
12	272
12	356
12	418
12	964
13	11
13	97
13	176
13	197
13	310
13	374
13	569
13	611
13	712
13	853
14	126
14	188
14	294
14	349
14	415
14	488
14	793
14	818
14	988
14	995
15	253
15	366
15	396
15	455
15	617
15	695
15	733
15	852
15	941
15	989
16	62
16	79
16	82
16	391
16	448
16	525
16	660
16	767
16	832
16	931
17	92
17	312
17	360
17	379
17	673
17	696
17	783
17	816
17	861
17	946
18	65
18	76
18	87
18	189
18	336
18	348
18	423
18	799
18	879
18	999
19	11
19	27
19	230
19	310
19	479
19	512
19	542
19	667
19	782
19	787
20	31
20	76
20	99
20	158
20	358
20	400
20	481
20	819
20	892
20	902
21	52
21	222
21	227
21	308
21	364
21	623
21	624
21	755
21	765
21	951
22	61
22	151
22	219
22	221
22	599
22	630
22	763
22	952
22	962
22	981
23	66
23	96
23	157
23	282
23	294
23	438
23	640
23	655
23	760
23	767
24	94
24	135
24	302
24	321
24	353
24	496
24	518
24	575
24	691
24	796
25	93
25	221
25	375
25	463
25	588
25	680
25	720
25	823
25	905
25	988
26	1
26	128
26	446
26	546
26	576
26	592
26	604
26	622
26	649
26	802
27	8
27	19
27	97
27	315
27	368
27	512
27	644
27	829
27	849
27	858
28	56
28	217
28	308
28	346
28	413
28	420
28	452
28	486
28	524
28	968
29	125
29	188
29	224
29	236
29	249
29	344
29	655
29	832
29	880
29	937
30	137
30	180
30	233
30	278
30	653
30	668
30	741
30	916
30	948
30	951
31	20
31	103
31	164
31	208
31	370
31	372
31	400
31	480
31	602
31	841
32	56
32	197
32	262
32	583
32	595
32	745
32	816
32	895
32	901
32	940
33	125
33	361
33	491
33	626
33	647
33	648
33	739
33	763
33	921
33	937
34	373
34	560
34	570
34	685
34	739
34	761
34	764
34	847
34	874
34	947
35	143
35	163
35	195
35	259
35	418
35	578
35	642
35	666
35	689
35	721
36	60
36	150
36	223
36	275
36	392
36	471
36	537
36	572
36	607
36	891
37	261
37	482
37	493
37	514
37	598
37	652
37	688
37	785
37	825
37	939
38	93
38	107
38	114
38	179
38	188
38	201
38	240
38	299
38	648
38	937
39	49
39	147
39	278
39	490
39	503
39	671
39	716
39	747
39	751
39	983
40	95
40	201
40	247
40	355
40	458
40	557
40	588
40	599
40	630
40	962
41	95
41	144
41	361
41	416
41	433
41	456
41	497
41	801
41	898
41	963
42	164
42	297
42	348
42	414
42	470
42	471
42	692
42	713
42	783
42	820
43	192
43	261
43	493
43	586
43	598
43	697
43	816
43	908
43	913
43	979
44	59
44	105
44	234
44	389
44	524
44	585
44	870
44	909
44	940
44	948
45	63
45	198
45	281
45	338
45	354
45	361
45	618
45	751
45	784
45	885
46	129
46	250
46	265
46	306
46	378
46	415
46	450
46	511
46	790
46	809
47	193
47	270
47	570
47	593
47	606
47	609
47	774
47	870
47	944
47	1000
48	211
48	261
48	347
48	735
48	811
48	830
48	861
48	875
48	907
48	997
49	39
49	263
49	301
49	384
49	483
49	545
49	633
49	671
49	756
49	942
50	152
50	246
50	355
50	410
50	574
50	578
50	627
50	769
50	894
50	964
51	57
51	116
51	120
51	248
51	405
51	468
51	570
51	658
51	690
51	868
52	21
52	98
52	251
52	309
52	529
52	615
52	645
52	650
52	769
52	936
53	71
53	78
53	398
53	546
53	553
53	594
53	679
53	734
53	839
53	871
54	76
54	309
54	330
54	401
54	510
54	573
54	698
54	877
54	902
54	991
55	175
55	178
55	295
55	302
55	440
55	496
55	505
55	669
55	747
55	911
56	9
56	28
56	32
56	79
56	90
56	194
56	765
56	843
56	935
56	978
57	51
57	161
57	366
57	429
57	550
57	610
57	739
57	821
57	874
57	967
58	89
58	182
58	293
58	318
58	334
58	445
58	540
58	807
58	809
58	893
59	44
59	122
59	324
59	524
59	664
59	706
59	759
59	843
59	916
59	958
60	36
60	81
60	174
60	607
60	675
60	713
60	831
60	840
60	881
60	928
61	22
61	153
61	173
61	207
61	299
61	436
61	532
61	562
61	768
61	962
62	16
62	215
62	243
62	581
62	626
62	702
62	724
62	867
62	873
62	905
63	45
63	78
63	388
63	439
63	459
63	699
63	758
63	792
63	822
63	885
64	100
64	119
64	129
64	130
64	318
64	533
64	638
64	804
64	867
64	945
65	18
65	166
65	330
65	358
65	372
65	400
65	472
65	795
65	892
65	902
66	23
66	86
66	133
66	252
66	367
66	500
66	767
66	776
66	924
66	959
67	255
67	288
67	593
67	707
67	789
67	851
67	856
67	870
67	899
67	961
68	172
68	226
68	295
68	440
68	480
68	494
68	646
68	699
68	710
68	852
69	319
69	376
69	590
69	607
69	672
69	831
69	840
69	841
69	976
69	989
70	74
70	84
70	205
70	264
70	285
70	304
70	402
70	658
70	705
70	884
71	53
71	247
71	254
71	382
71	502
71	534
71	600
71	604
71	708
71	802
72	74
72	244
72	429
72	465
72	550
72	560
72	606
72	720
72	723
72	821
73	4
73	191
73	316
73	376
73	457
73	590
73	706
73	742
73	831
73	976
74	7
74	70
74	72
74	155
74	292
74	331
74	342
74	766
74	844
74	918
75	104
75	134
75	137
75	200
75	287
75	330
75	339
75	623
75	682
75	948
76	18
76	20
76	54
76	401
76	470
76	554
76	573
76	597
76	758
76	788
77	111
77	243
77	296
77	369
77	436
77	588
77	647
77	654
77	818
77	832
78	53
78	63
78	198
78	212
78	260
78	286
78	353
78	503
78	535
78	791
79	16
79	56
79	86
79	95
79	209
79	219
79	612
79	726
79	793
79	880
80	5
80	83
80	107
80	219
80	314
80	532
80	647
80	801
80	864
80	900
81	60
81	108
81	392
81	421
81	537
81	643
81	706
81	742
81	949
81	976
82	16
82	95
82	114
82	314
82	485
82	526
82	648
82	663
82	720
82	824
83	80
83	86
83	95
83	165
83	639
83	648
83	654
83	724
83	760
83	896
84	70
84	249
84	289
84	429
84	467
84	636
84	833
84	870
84	918
84	970
85	202
85	270
85	519
85	539
85	565
85	605
85	694
85	766
85	774
85	890
86	66
86	79
86	83
86	109
86	267
86	274
86	422
86	488
86	643
86	654
87	18
87	164
87	166
87	219
87	311
87	426
87	713
87	795
87	889
87	991
88	9
88	201
88	243
88	247
88	305
88	367
88	488
88	648
88	717
88	937
89	58
89	265
89	272
89	300
89	317
89	450
89	533
89	638
89	770
89	807
90	56
90	156
90	284
90	364
90	583
90	620
90	719
90	738
90	772
90	835
91	112
91	217
91	262
91	444
91	612
91	653
91	719
91	750
91	765
91	951
92	17
92	192
92	218
92	493
92	509
92	589
92	781
92	869
92	875
92	997
93	25
93	38
93	151
93	179
93	273
93	344
93	448
93	800
93	823
93	911
94	24
94	135
94	198
94	301
94	366
94	439
94	686
94	695
94	822
94	899
95	40
95	41
95	79
95	82
95	83
95	149
95	154
95	409
95	463
95	617
96	23
96	314
96	355
96	369
96	427
96	491
96	532
96	630
96	636
96	897
97	13
97	27
97	144
97	293
97	431
97	457
97	584
97	797
97	829
97	915
98	2
98	12
98	52
98	351
98	356
98	447
98	645
98	752
98	803
98	987
99	20
99	166
99	328
99	373
99	406
99	414
99	698
99	758
99	819
99	877
100	64
100	129
100	282
100	306
100	445
100	547
100	690
100	743
100	807
100	811
101	8
101	183
101	251
101	302
101	350
101	351
101	410
101	529
101	730
101	752
102	11
102	152
102	195
102	351
102	543
102	620
102	642
102	730
102	886
102	992
103	31
103	120
103	255
103	331
103	555
103	844
103	868
103	874
103	918
103	967
104	75
104	184
104	235
104	364
104	389
104	422
104	595
104	682
104	740
104	906
105	44
105	235
105	393
105	469
105	475
105	522
105	530
105	580
105	773
105	985
106	210
106	265
106	490
106	533
106	638
106	743
106	788
106	893
106	925
106	945
107	38
107	80
107	149
107	151
107	314
107	566
107	647
107	824
107	836
107	931
108	4
108	81
108	174
108	231
108	417
108	424
108	509
108	643
108	697
108	976
109	86
109	201
109	305
109	485
109	500
109	544
109	557
109	639
109	822
109	900
110	332
110	382
110	407
110	527
110	718
110	734
110	777
110	862
110	965
110	976
111	77
111	138
111	232
111	330
111	401
111	406
111	480
111	819
111	991
111	999
112	91
112	180
112	194
112	276
112	454
112	657
112	677
112	772
112	827
112	883
113	172
113	198
113	242
113	396
113	536
113	652
113	751
113	796
113	866
113	969
114	38
114	82
114	267
114	433
114	602
114	612
114	717
114	800
114	818
114	924
115	371
115	395
115	441
115	527
115	628
115	665
115	715
115	775
115	778
115	871
116	51
116	373
116	685
116	766
116	774
116	833
116	857
116	951
116	970
116	986
117	185
117	241
117	484
117	504
117	527
117	571
117	632
117	736
117	766
117	994
118	4
118	148
118	177
118	191
118	231
118	376
118	471
118	697
118	706
118	928
119	64
119	250
119	318
119	333
119	460
119	511
119	547
119	614
119	804
119	910
120	51
120	103
120	248
120	435
120	539
120	593
120	694
120	766
120	812
120	953
121	8
121	152
121	183
121	340
121	350
121	428
121	466
121	474
121	620
121	955
122	59
122	157
122	397
122	486
122	653
122	657
122	780
122	860
122	901
122	943
123	191
123	223
123	291
123	365
123	476
123	540
123	577
123	703
123	944
123	954
124	3
124	203
124	206
124	453
124	555
124	584
124	644
124	711
124	787
124	849
125	29
125	33
125	154
125	173
125	179
125	296
125	762
125	801
125	827
125	873
126	14
126	154
126	209
126	243
126	296
126	299
126	476
126	630
126	648
126	720
127	178
127	302
127	353
127	385
127	386
127	388
127	695
127	808
127	836
127	842
128	26
128	185
128	258
128	320
128	382
128	534
128	553
128	842
128	904
128	950
129	46
129	64
129	100
129	159
129	408
129	454
129	460
129	547
129	923
129	925
130	64
130	334
130	408
130	450
130	551
130	687
130	754
130	811
130	894
130	919
131	188
131	244
131	288
131	329
131	421
131	739
131	761
131	805
131	826
131	998
132	2
132	183
132	246
132	272
132	340
132	462
132	466
132	803
132	904
132	992
133	66
133	165
133	207
133	252
133	328
133	525
133	680
133	717
133	888
133	937
134	75
134	168
134	277
134	507
134	772
134	780
134	784
134	843
134	916
134	950
135	24
135	94
135	304
135	341
135	386
135	451
135	757
135	784
135	814
135	836
136	12
136	163
136	187
136	212
136	466
136	689
136	730
136	863
136	886
136	992
137	30
137	75
137	168
137	276
137	394
137	430
137	530
137	537
137	624
137	738
138	111
138	232
138	322
138	328
138	480
138	546
138	677
138	758
138	799
138	889
139	254
139	461
139	504
139	538
139	594
139	604
139	736
139	775
139	815
139	819
140	9
140	322
140	324
140	580
140	623
140	765
140	851
140	955
140	971
140	985
141	321
141	354
141	388
141	396
141	503
141	521
141	618
141	633
141	779
141	897
142	346
142	387
142	389
142	580
142	623
142	743
142	883
142	935
142	940
142	984
143	2
143	35
143	163
143	187
143	272
143	340
143	443
143	474
143	731
143	809
144	3
144	41
144	97
144	310
144	315
144	501
144	603
144	662
144	810
144	915
145	231
145	376
145	417
145	471
145	476
145	604
145	672
145	697
145	706
145	954
146	194
146	419
146	621
146	684
146	719
146	740
146	759
146	909
146	978
146	985
147	39
147	148
147	323
147	353
147	385
147	536
147	779
147	792
147	832
147	911
148	118
148	147
148	214
148	253
148	271
148	366
148	388
148	459
148	572
148	822
149	95
149	107
149	188
149	219
149	252
149	532
149	538
149	655
149	898
149	962
150	36
150	191
150	231
150	273
150	290
150	316
150	704
150	742
150	840
150	928
151	22
151	93
151	107
151	414
151	456
151	599
151	626
151	630
151	776
151	929
152	50
152	102
152	121
152	246
152	251
152	356
152	650
152	666
152	728
152	752
153	61
153	353
153	435
153	485
153	577
153	581
153	663
153	724
153	931
153	963
154	95
154	125
154	126
154	173
154	215
154	369
154	409
154	621
154	924
154	988
155	74
155	161
155	337
155	539
155	550
155	555
155	739
155	789
155	792
155	844
156	90
156	357
156	383
156	420
156	541
156	558
156	580
156	681
156	771
156	982
157	23
157	122
157	184
157	364
157	507
157	664
157	678
157	682
157	684
157	950
158	20
158	184
158	217
158	308
158	393
158	486
158	681
158	741
158	906
158	971
159	129
159	265
159	311
159	334
159	380
159	687
159	919
159	920
159	925
159	927
160	502
160	564
160	679
160	693
160	718
160	734
160	817
160	850
160	880
160	965
161	57
161	155
161	249
161	255
161	390
161	423
161	492
161	560
161	857
161	1000
162	6
162	12
162	258
162	498
162	564
162	693
162	714
162	718
162	802
162	972
163	8
163	12
163	35
163	136
163	143
163	410
163	477
163	725
163	731
163	855
164	31
164	42
164	87
164	297
164	328
164	510
164	799
164	819
164	957
164	986
165	83
165	133
165	247
165	305
165	497
165	566
165	824
165	893
165	981
165	993
166	65
166	87
166	99
166	250
166	370
166	698
166	737
166	820
166	934
166	957
167	12
167	317
167	340
167	356
167	410
167	443
167	462
167	508
167	855
167	886
168	134
168	137
168	175
168	235
168	324
168	469
168	657
168	759
168	826
168	916
169	313
169	339
169	397
169	524
169	668
169	771
169	813
169	851
169	901
169	903
170	202
170	211
170	243
170	360
170	515
170	670
170	676
170	683
170	688
170	825
171	9
171	175
171	363
171	454
171	511
171	614
171	738
171	847
171	943
171	955
172	1
172	68
172	113
172	226
172	572
172	618
172	633
172	665
172	757
172	796
173	61
173	125
173	154
173	201
173	221
173	273
173	318
173	566
173	818
173	880
174	60
174	108
174	191
174	213
174	291
174	347
174	392
174	643
174	704
174	949
175	9
175	55
175	168
175	171
175	277
175	513
175	681
175	719
175	843
175	865
176	3
176	13
176	203
176	238
176	512
176	569
176	603
176	611
176	634
176	849
177	118
177	245
177	417
177	512
177	537
177	590
177	643
177	675
177	949
177	952
178	55
178	127
178	440
178	531
178	617
178	747
178	750
178	796
178	814
178	885
179	38
179	93
179	125
179	201
179	355
179	422
179	449
179	463
179	579
179	626
180	30
180	112
180	234
180	237
180	343
180	411
180	420
180	507
180	513
180	750
181	362
181	395
181	461
181	538
181	592
181	594
181	600
181	732
181	736
181	878
182	58
182	317
182	464
182	489
182	490
182	619
182	728
182	770
182	809
182	927
183	101
183	121
183	132
183	562
183	574
183	650
183	730
183	876
183	885
183	894
184	104
184	157
184	158
184	194
184	430
184	452
184	611
184	653
184	948
184	951
185	117
185	128
185	332
185	352
185	441
185	592
185	665
185	748
185	777
185	964
186	253
186	366
186	515
186	535
186	545
186	646
186	808
186	885
186	983
186	996
187	136
187	143
187	237
187	340
187	350
187	351
187	644
187	725
187	845
187	876
188	14
188	29
188	38
188	131
188	149
188	219
188	640
188	778
188	818
188	837
189	18
189	398
189	484
189	564
189	604
189	715
189	748
189	839
189	904
189	965
190	419
190	479
190	589
190	629
190	631
190	672
190	700
190	702
190	860
190	869
191	73
191	118
191	123
191	150
191	174
191	207
191	319
191	559
191	704
191	976
192	43
192	92
192	225
192	289
192	670
192	744
192	786
192	907
192	913
192	977
193	47
193	205
193	255
193	288
193	390
193	465
193	513
193	739
193	961
193	1000
194	56
194	112
194	146
194	184
194	580
194	727
194	740
194	775
194	834
194	950
195	35
195	102
195	350
195	381
195	443
195	721
195	725
195	855
195	894
195	966
196	303
196	359
196	360
196	413
196	561
196	688
196	872
196	930
196	946
196	963
197	13
197	32
197	222
197	313
197	469
197	750
197	772
197	968
197	982
197	984
198	45
198	78
198	94
198	113
198	381
198	396
198	448
198	545
198	733
198	996
199	12
199	272
199	340
199	350
199	428
199	620
199	650
199	689
199	725
199	760
200	75
200	222
200	452
200	506
200	520
200	595
200	682
200	684
200	741
200	895
201	38
201	40
201	88
201	109
201	173
201	179
201	231
201	273
201	369
201	767
202	5
202	85
202	170
202	240
202	379
202	419
202	520
202	548
202	696
202	744
203	124
203	176
203	263
203	374
203	431
203	457
203	517
203	774
203	797
203	829
204	295
204	301
204	354
204	385
204	633
204	695
204	722
204	753
204	781
204	798
205	7
205	70
205	193
205	216
205	288
205	487
205	552
205	694
205	739
205	812
206	124
206	217
206	528
206	644
206	711
206	797
206	810
206	829
206	849
206	915
207	61
207	133
207	191
207	361
207	463
207	846
207	867
207	880
207	912
207	995
208	31
208	311
208	481
208	641
208	699
208	758
208	783
208	902
208	957
208	991
209	79
209	126
209	296
209	557
209	569
209	612
209	660
209	760
209	801
209	974
210	106
210	306
210	325
210	380
210	477
210	541
210	690
210	790
210	807
210	859
211	48
211	170
211	303
211	312
211	360
211	509
211	608
211	696
211	849
211	997
212	78
212	136
212	278
212	494
212	499
212	531
212	575
212	618
212	716
212	885
213	174
213	291
213	540
213	559
213	607
213	672
213	697
213	704
213	944
213	975
214	148
214	271
214	400
214	455
214	483
214	518
214	695
214	716
214	753
214	996
215	62
215	154
215	500
215	639
215	726
215	794
215	823
215	900
215	912
215	921
216	5
216	205
216	312
216	475
216	516
216	589
216	598
216	702
216	872
216	939
217	28
217	91
217	158
217	206
217	284
217	580
217	740
217	834
217	851
217	906
218	10
218	92
218	493
218	589
218	637
218	652
218	700
218	735
218	863
218	913
219	22
219	79
219	80
219	87
219	149
219	188
219	221
219	654
219	709
219	995
220	465
220	549
220	550
220	552
220	606
220	660
220	707
220	848
220	870
220	899
221	22
221	25
221	173
221	219
221	256
221	524
221	525
221	720
221	837
221	897
222	21
222	197
222	200
222	489
222	513
222	522
222	614
222	719
222	918
222	971
223	36
223	123
223	245
223	590
223	697
223	703
223	742
223	881
223	901
223	976
224	29
224	267
224	274
224	433
224	550
224	793
224	824
224	832
224	897
224	963
225	192
225	261
225	289
225	359
225	403
225	597
225	688
225	805
225	861
225	872
226	68
226	172
226	229
226	281
226	386
226	526
226	716
226	779
226	792
226	931
227	21
227	235
227	298
227	595
227	678
227	681
227	727
227	741
227	940
227	992
228	347
228	403
228	508
228	548
228	670
228	696
228	700
228	785
228	869
228	939
229	226
229	278
229	321
229	323
229	381
229	396
229	483
229	581
229	746
229	866
230	3
230	11
230	19
230	432
230	453
230	528
230	782
230	797
230	834
230	853
231	4
231	108
231	118
231	145
231	150
231	201
231	326
231	424
231	559
231	706
232	111
232	138
232	401
232	406
232	426
232	677
232	795
232	841
232	991
232	993
233	30
233	346
233	363
233	524
233	582
233	745
233	828
233	951
233	982
233	999
234	44
234	180
234	468
234	486
234	558
234	661
234	719
234	755
234	813
234	956
235	2
235	104
235	105
235	168
235	227
235	387
235	394
235	513
235	772
235	906
236	29
236	243
236	296
236	427
236	485
236	525
236	581
236	623
236	818
236	846
237	8
237	180
237	187
237	309
237	474
237	620
237	642
237	876
237	964
237	992
238	176
238	370
238	480
238	641
238	656
238	698
238	758
238	877
238	889
238	999
239	374
239	432
239	453
239	512
239	556
239	662
239	676
239	712
239	903
239	914
240	10
240	38
240	202
240	360
240	568
240	700
240	816
240	907
240	930
240	975
241	117
241	258
241	296
241	332
241	371
241	382
241	538
241	625
241	708
241	715
242	113
242	276
242	341
242	384
242	458
242	518
242	746
242	747
242	757
242	941
243	62
243	77
243	88
243	126
243	170
243	236
243	438
243	566
243	630
243	864
244	72
244	131
244	307
244	492
244	539
244	550
244	694
244	794
244	857
244	973
245	177
245	223
245	290
245	319
245	476
245	607
245	616
245	697
245	767
245	881
246	50
246	132
246	152
246	251
246	356
246	418
246	474
246	543
246	635
246	650
247	40
247	71
247	88
247	165
247	577
247	663
247	762
247	778
247	846
247	974
248	51
248	120
248	269
248	442
248	516
248	519
248	805
248	922
248	953
248	970
249	7
249	29
249	84
249	161
249	405
249	468
249	478
249	884
249	961
249	1000
250	46
250	119
250	166
250	300
250	306
250	325
250	551
250	754
250	804
250	893
251	8
251	52
251	101
251	152
251	246
251	309
251	340
251	474
251	529
251	886
252	66
252	133
252	149
252	430
252	626
252	680
252	717
252	767
252	818
252	924
253	15
253	148
253	186
253	286
253	371
253	451
253	646
253	669
253	866
253	969
254	71
254	139
254	497
254	546
254	600
254	679
254	715
254	815
254	878
254	904
255	67
255	103
255	161
255	193
255	627
255	705
255	870
255	947
255	953
255	973
256	221
256	349
256	390
256	525
256	532
256	655
256	768
256	867
256	905
256	912
257	7
257	285
257	306
257	331
257	555
257	565
257	685
257	812
257	884
257	953
258	128
258	162
258	241
258	405
258	538
258	553
258	594
258	600
258	904
258	994
259	1
259	35
259	338
259	353
259	384
259	587
259	699
259	746
259	756
259	779
260	7
260	78
260	385
260	386
260	494
260	503
260	572
260	633
260	911
260	983
261	37
261	43
261	48
261	225
261	413
261	548
261	597
261	823
261	975
261	997
262	32
262	91
262	308
262	585
262	653
262	719
262	810
262	883
262	906
262	984
263	49
263	203
263	374
263	482
263	542
263	601
263	667
263	674
263	701
263	914
264	70
264	343
264	394
264	664
264	678
264	835
264	838
264	916
264	968
264	971
265	46
265	89
265	106
265	159
265	300
265	438
265	464
265	687
265	923
265	925
266	1
266	271
266	386
266	518
266	564
266	575
266	716
266	756
266	784
266	791
267	86
267	114
267	224
267	305
267	377
267	395
267	433
267	491
267	793
267	990
268	313
268	357
268	501
268	507
268	659
268	847
268	865
268	971
268	984
268	985
269	248
269	331
269	442
269	555
269	579
269	707
269	717
269	761
269	821
269	826
270	7
270	47
270	85
270	342
270	519
270	732
270	785
270	812
270	833
270	961
271	148
271	214
271	266
271	278
271	286
271	531
271	686
271	710
271	746
271	920
272	12
272	89
272	132
272	143
272	199
272	666
272	721
272	730
272	845
272	987
273	93
273	150
273	173
273	201
273	436
273	577
273	823
273	864
273	990
273	995
274	86
274	224
274	349
274	438
274	440
274	491
274	557
274	577
274	767
274	800
275	36
275	290
275	319
275	376
275	590
275	842
275	891
275	949
275	952
275	989
276	112
276	137
276	242
276	393
276	397
276	411
276	773
276	806
276	813
276	951
277	134
277	175
277	487
277	558
277	585
277	614
277	681
277	940
277	943
277	958
278	30
278	39
278	212
278	229
278	271
278	451
278	536
278	722
278	942
278	960
279	325
279	445
279	473
279	477
279	790
279	811
279	828
279	920
279	923
279	932
280	313
280	363
280	387
280	444
280	454
280	630
280	668
280	681
280	727
280	838
281	45
281	226
281	338
281	461
281	472
281	531
281	535
281	836
281	941
281	969
282	23
282	100
282	299
282	449
282	525
282	663
282	768
282	888
282	897
282	993
283	339
283	420
283	454
283	582
283	727
283	735
283	759
283	772
283	827
283	955
284	90
284	217
284	522
284	595
284	671
284	843
284	909
284	950
284	958
284	959
285	70
285	257
285	329
285	377
285	437
285	442
285	606
285	739
285	764
285	789
286	78
286	253
286	271
286	496
286	499
286	545
286	686
286	722
286	784
286	940
287	75
287	450
287	469
287	582
287	678
287	806
287	813
287	838
287	968
287	985
288	67
288	131
288	193
288	205
288	329
288	609
288	636
288	917
288	918
288	998
289	84
289	192
289	225
289	312
289	447
289	520
289	568
289	589
289	688
289	907
290	150
290	245
290	275
290	291
290	424
290	476
290	537
290	624
290	703
290	704
291	123
291	174
291	213
291	290
291	471
291	485
291	537
291	559
291	944
291	954
292	74
292	358
292	480
292	554
292	573
292	713
292	758
292	783
292	892
292	896
293	58
293	97
293	334
293	375
293	460
293	619
293	728
293	743
293	790
293	807
294	14
294	23
294	344
294	449
294	456
294	539
294	680
294	717
294	974
294	995
295	55
295	68
295	204
295	384
295	459
295	526
295	695
295	753
295	792
295	979
296	77
296	125
296	126
296	209
296	236
296	241
296	361
296	409
296	456
296	921
297	42
297	164
297	322
297	401
297	406
297	423
297	483
297	554
297	799
297	934
298	227
298	389
298	506
298	585
298	622
298	657
298	664
298	678
298	771
298	901
299	38
299	61
299	126
299	282
299	355
299	767
299	779
299	793
299	823
299	981
300	89
300	250
300	265
300	412
300	460
300	477
300	541
300	749
300	854
300	871
301	49
301	94
301	204
301	338
301	505
301	587
301	618
301	632
301	716
301	756
302	24
302	55
302	101
302	127
302	366
302	472
302	526
302	756
302	942
302	996
303	196
303	211
303	413
303	419
303	495
303	514
303	515
303	580
303	608
303	702
304	70
304	135
304	329
304	342
304	373
304	405
304	555
304	560
304	694
304	856
305	88
305	109
305	165
305	267
305	436
305	456
305	463
305	504
305	660
305	776
306	46
306	100
306	210
306	250
306	257
306	334
306	415
306	533
306	638
306	804
307	244
307	382
307	498
307	594
307	604
307	628
307	708
307	777
307	817
307	842
308	21
308	28
308	158
308	262
308	313
308	346
308	560
308	865
308	901
308	906
309	52
309	54
309	237
309	251
309	462
309	466
309	574
309	627
309	650
309	936
310	13
310	19
310	144
310	528
310	584
310	666
310	712
310	849
310	887
310	903
311	87
311	159
311	208
311	322
311	372
311	698
311	788
311	795
311	934
311	980
312	17
312	211
312	216
312	289
312	495
312	520
312	639
312	872
312	913
312	975
313	169
313	197
313	268
313	280
313	308
313	641
313	740
313	750
313	755
313	828
314	80
314	82
314	96
314	107
314	339
314	433
314	448
314	532
314	588
314	846
315	27
315	144
315	374
315	517
315	634
315	701
315	787
315	797
315	804
315	903
316	73
316	150
316	365
316	392
316	404
316	553
316	706
316	891
316	944
316	976
317	89
317	167
317	182
317	325
317	412
317	490
317	511
317	619
317	690
317	754
318	58
318	64
318	119
318	173
318	334
318	464
318	511
318	893
318	923
318	932
319	69
319	191
319	245
319	275
319	326
319	408
319	706
319	881
319	882
319	928
320	128
320	332
320	382
320	504
320	527
320	588
320	596
320	748
320	802
320	933
321	24
321	141
321	229
321	353
321	451
321	613
321	617
321	669
321	671
321	814
322	138
322	140
322	297
322	311
322	348
322	470
322	691
322	934
322	957
322	980
323	147
323	229
323	544
323	575
323	617
323	646
323	733
323	756
323	808
323	814
324	59
324	140
324	168
324	346
324	357
324	411
324	527
324	684
324	940
324	959
325	210
325	250
325	279
325	317
325	412
325	547
325	625
325	687
325	854
325	920
326	231
326	319
326	424
326	476
326	540
326	672
326	840
326	864
326	891
326	976
327	337
327	342
327	378
327	394
327	429
327	609
327	658
327	821
327	953
327	961
328	99
328	133
328	138
328	164
328	470
328	510
328	554
328	573
328	656
328	783
329	131
329	285
329	288
329	304
329	433
329	552
329	560
329	570
329	821
329	899
330	54
330	65
330	75
330	111
330	358
330	523
330	692
330	879
330	889
330	999
331	74
331	103
331	257
331	269
331	467
331	774
331	789
331	831
331	973
331	998
332	110
332	185
332	241
332	320
332	553
332	600
332	632
332	679
332	748
332	998
333	119
333	334
333	408
333	619
333	687
333	754
333	769
333	807
333	893
333	945
334	58
334	130
334	159
334	293
334	306
334	318
334	333
334	521
334	687
334	749
335	403
335	425
335	479
335	598
335	676
335	688
335	806
335	825
335	860
335	875
336	18
336	348
336	423
336	481
336	500
336	573
336	677
336	713
336	841
336	859
337	155
337	327
337	429
337	583
337	658
337	764
337	812
337	826
337	844
337	967
338	45
338	259
338	281
338	301
338	384
338	472
338	545
338	648
338	671
338	942
339	75
339	169
339	283
339	314
339	397
339	420
339	452
339	513
339	834
339	985
340	121
340	132
340	143
340	167
340	187
340	199
340	251
340	428
340	689
340	890
341	135
341	242
341	360
341	440
341	518
341	526
341	746
341	747
341	756
341	942
342	74
342	270
342	304
342	327
342	390
342	555
342	636
342	752
342	766
342	848
343	180
343	264
343	364
343	613
343	659
343	661
343	835
343	869
343	909
343	955
344	29
344	93
344	294
344	387
344	488
344	663
344	726
344	760
344	898
344	995
345	406
345	434
345	527
345	622
345	628
345	665
345	718
345	736
345	802
345	871
346	28
346	142
346	233
346	308
346	324
346	383
346	532
346	583
346	935
346	985
347	48
347	174
347	228
347	403
347	475
347	561
347	629
347	670
347	785
347	908
348	18
348	42
348	322
348	336
348	554
348	661
348	795
348	841
348	957
348	980
349	14
349	256
349	274
349	438
349	522
349	717
349	762
349	776
349	837
349	931
350	101
350	121
350	187
350	195
350	199
350	351
350	453
350	642
350	645
350	966
351	98
351	101
351	102
351	187
351	350
351	443
351	615
351	731
351	863
351	889
352	185
352	412
352	498
352	604
352	718
352	734
352	748
352	839
352	842
352	926
353	24
353	78
353	127
353	147
353	153
353	259
353	321
353	496
353	575
353	911
354	45
354	141
354	204
354	384
354	494
354	496
354	505
354	587
354	911
354	936
355	40
355	50
355	96
355	179
355	299
355	532
355	640
355	818
355	898
355	938
356	12
356	98
356	152
356	167
356	246
356	443
356	752
356	786
356	803
356	924
357	156
357	268
357	324
357	454
357	506
357	730
357	740
357	951
357	958
357	968
358	20
358	65
358	292
358	330
358	396
358	426
358	510
358	641
358	691
358	889
359	196
359	225
359	520
359	670
359	673
359	676
359	702
359	860
359	913
359	932
360	17
360	170
360	196
360	211
360	240
360	341
360	425
360	493
360	637
360	673
361	33
361	41
361	45
361	207
361	296
361	377
361	497
361	724
361	888
361	921
362	181
362	434
362	484
362	502
362	596
362	651
362	734
362	748
362	854
362	904
363	171
363	233
363	280
363	661
363	678
363	684
363	693
363	738
363	838
363	984
364	21
364	90
364	104
364	157
364	343
364	430
364	467
364	719
364	755
364	806
365	123
365	316
365	590
365	672
365	675
365	703
365	882
365	952
365	989
365	995
366	15
366	57
366	94
366	148
366	186
366	302
366	451
366	587
366	617
366	779
367	66
367	88
367	593
367	640
367	654
367	776
367	778
367	898
367	905
367	990
368	3
368	27
368	432
368	501
368	542
368	571
368	601
368	644
368	667
368	915
369	77
369	96
369	154
369	201
369	433
369	500
369	581
369	648
369	873
369	953
370	31
370	166
370	238
370	380
370	510
370	523
370	677
370	758
370	841
370	892
371	115
371	241
371	253
371	407
371	434
371	461
371	649
371	714
371	933
371	994
372	31
372	65
372	311
372	423
372	573
372	674
372	698
372	737
372	934
372	957
373	34
373	99
373	116
373	304
373	429
373	552
373	560
373	606
373	609
373	732
374	11
374	13
374	203
374	239
374	263
374	315
374	528
374	569
374	611
374	756
375	25
375	293
375	380
375	412
375	541
375	551
375	591
375	728
375	749
375	790
376	69
376	73
376	118
376	145
376	275
376	404
376	563
376	643
376	705
376	976
377	267
377	285
377	361
377	435
377	544
377	640
377	767
377	824
377	873
377	974
378	46
378	327
378	467
378	468
378	492
378	552
378	764
378	973
378	986
378	998
379	17
379	202
379	391
379	460
379	475
379	515
379	597
379	816
379	860
379	946
380	159
380	210
380	370
380	375
380	460
380	551
380	567
380	591
380	749
380	927
381	195
381	198
381	229
381	384
381	385
381	388
381	440
381	472
381	779
381	808
382	71
382	110
382	128
382	241
382	307
382	320
382	424
382	632
382	693
382	850
383	156
383	346
383	389
383	530
383	582
383	599
383	727
383	828
383	955
383	978
384	49
384	242
384	259
384	295
384	338
384	354
384	381
384	427
384	617
384	747
385	127
385	147
385	204
385	260
385	381
385	505
385	526
385	699
385	738
385	941
386	127
386	135
386	226
386	260
386	266
386	439
386	572
386	751
386	792
386	907
387	142
387	235
387	280
387	344
387	513
387	624
387	684
387	765
387	883
387	901
388	63
388	127
388	141
388	148
388	381
388	483
388	505
388	784
388	791
388	972
389	44
389	104
389	142
389	298
389	383
389	603
389	759
389	780
389	951
389	984
390	161
390	193
390	256
390	342
390	467
390	610
390	729
390	812
390	857
390	868
391	5
391	16
391	379
391	403
391	515
391	520
391	629
391	908
391	946
391	979
392	36
392	81
392	174
392	316
392	563
392	616
392	654
392	840
392	928
392	989
393	9
393	105
393	158
393	276
393	558
393	682
393	741
393	780
393	791
393	955
394	137
394	235
394	264
394	327
394	430
394	489
394	661
394	847
394	948
394	971
395	115
395	181
395	267
395	564
395	622
395	651
395	665
395	815
395	850
395	862
396	15
396	113
396	141
396	198
396	229
396	358
396	494
396	633
396	781
396	791
397	122
397	169
397	276
397	339
397	530
397	657
397	668
397	722
397	835
397	971
398	6
398	53
398	189
398	553
398	564
398	596
398	843
398	850
398	862
398	926
399	479
399	493
399	548
399	598
399	652
399	740
399	785
399	860
399	946
399	979
400	20
400	31
400	65
400	214
400	470
400	481
400	737
400	877
400	879
400	902
401	54
401	76
401	111
401	232
401	297
401	641
401	714
401	788
401	879
401	889
402	70
402	437
402	478
402	492
402	519
402	610
402	636
402	658
402	692
402	848
403	225
403	228
403	335
403	347
403	391
403	495
403	683
403	688
403	946
403	991
404	316
404	376
404	471
404	476
404	540
404	675
404	742
404	928
404	944
404	1000
405	51
405	249
405	258
405	304
405	478
405	550
405	723
405	732
405	899
405	986
406	99
406	111
406	232
406	297
406	345
406	481
406	510
406	889
406	892
406	991
407	110
407	371
407	441
407	592
407	622
407	651
407	663
407	665
407	817
407	850
408	129
408	130
408	319
408	333
408	415
408	567
408	804
408	809
408	920
408	945
409	95
409	154
409	296
409	416
409	456
409	557
409	577
409	778
409	789
409	912
410	50
410	101
410	163
410	167
410	466
410	678
410	752
410	769
410	855
410	863
411	180
411	276
411	324
411	659
411	750
411	771
411	808
411	828
411	916
411	950
412	300
412	317
412	325
412	352
412	375
412	473
412	541
412	638
412	743
412	749
413	28
413	196
413	261
413	303
413	419
413	447
413	631
413	744
413	785
413	946
414	42
414	99
414	151
414	426
414	554
414	656
414	841
414	859
414	980
414	999
415	14
415	46
415	306
415	408
415	473
415	551
415	591
415	749
415	770
415	920
416	41
416	409
416	435
416	566
416	655
416	658
416	680
416	760
416	832
416	981
417	108
417	145
417	177
417	431
417	563
417	590
417	697
417	882
417	952
417	989
418	12
418	35
418	246
418	543
418	562
418	645
418	650
418	666
418	721
418	800
419	146
419	190
419	202
419	303
419	413
419	447
419	561
419	631
419	670
419	875
420	28
420	156
420	180
420	283
420	339
420	454
420	582
420	600
420	624
420	773
421	81
421	131
421	437
421	468
421	570
421	707
421	729
421	874
421	884
421	970
422	86
422	104
422	179
422	427
422	566
422	639
422	776
422	897
422	963
422	995
423	18
423	161
423	297
423	336
423	372
423	426
423	481
423	554
423	692
423	934
424	108
424	231
424	290
424	326
424	382
424	471
424	607
424	616
424	882
424	928
425	335
425	360
425	520
425	534
425	568
425	608
425	673
425	700
425	939
425	975
426	87
426	232
426	358
426	414
426	423
426	573
426	737
426	877
426	991
426	999
427	96
427	236
427	384
427	422
427	532
427	612
427	720
427	888
427	900
427	938
428	121
428	199
428	340
428	508
428	543
428	627
428	845
428	936
428	964
428	984
429	57
429	72
429	84
429	327
429	337
429	373
429	492
429	565
429	616
429	922
430	9
430	137
430	184
430	252
430	364
430	394
430	452
430	771
430	834
430	959
431	97
431	203
431	417
431	432
431	584
431	634
431	787
431	810
431	858
431	887
432	230
432	239
432	368
432	431
432	445
432	584
432	601
432	701
432	712
432	914
433	41
433	114
433	224
433	267
433	314
433	329
433	369
433	448
433	709
433	897
434	345
434	362
434	371
434	504
434	506
434	538
434	649
434	777
434	862
434	904
435	120
435	153
435	377
435	416
435	491
435	581
435	663
435	776
435	778
435	837
436	61
436	77
436	273
436	305
436	456
436	654
436	694
436	709
436	846
436	873
437	285
437	402
437	421
437	467
437	552
437	794
437	818
437	890
437	899
437	953
438	23
438	243
438	265
438	274
438	349
438	577
438	612
438	626
438	778
438	888
439	63
439	94
439	386
439	521
439	526
439	781
439	784
439	836
439	898
439	969
440	55
440	68
440	178
440	274
440	341
440	381
440	575
440	699
440	746
440	960
441	115
441	185
441	407
441	571
441	596
441	679
441	842
441	927
441	933
441	972
442	248
442	269
442	285
442	478
442	519
442	549
442	552
442	645
442	723
442	766
443	2
443	143
443	167
443	195
443	351
443	356
443	574
443	615
443	747
443	964
444	91
444	280
444	466
444	506
444	530
444	558
444	684
444	745
444	755
444	773
445	58
445	100
445	279
445	432
445	490
445	567
445	591
445	754
445	809
445	923
446	26
446	538
446	571
446	576
446	592
446	625
446	714
446	839
446	858
446	994
447	98
447	289
447	413
447	419
447	495
447	586
447	597
447	608
447	816
447	830
448	16
448	93
448	198
448	314
448	433
448	588
448	709
448	762
448	768
448	974
449	179
449	282
449	294
449	588
449	709
449	823
449	837
449	866
449	867
449	993
450	46
450	89
450	130
450	287
450	460
450	477
450	567
450	619
450	919
450	932
451	135
451	253
451	278
451	321
451	366
451	671
451	733
451	751
451	958
451	969
452	28
452	184
452	200
452	339
452	430
452	530
452	657
452	851
452	862
452	955
453	124
453	230
453	239
453	350
453	634
453	701
453	712
453	829
453	858
453	915
454	112
454	129
454	171
454	280
454	283
454	357
454	420
454	621
454	682
454	750
455	15
455	214
455	496
455	521
455	536
455	589
455	733
455	746
455	822
455	960
456	41
456	151
456	294
456	296
456	305
456	409
456	436
456	680
456	768
456	891
457	73
457	97
457	203
457	517
457	556
457	569
457	667
457	712
457	853
457	903
458	40
458	242
458	526
458	618
458	669
458	746
458	757
458	779
458	781
458	808
459	63
459	148
459	295
459	535
459	686
459	699
459	784
459	814
459	873
459	960
460	119
460	129
460	293
460	300
460	379
460	380
460	450
460	754
460	807
460	893
461	139
461	181
461	281
461	371
461	534
461	596
461	628
461	734
461	815
461	933
462	132
462	167
462	309
462	466
462	508
462	615
462	701
462	730
462	876
462	987
463	25
463	95
463	179
463	207
463	305
463	720
463	839
463	938
463	962
463	988
464	182
464	265
464	318
464	477
464	567
464	712
464	743
464	910
464	923
464	945
465	72
465	193
465	220
465	487
465	579
465	723
465	821
465	833
465	947
465	978
466	121
466	132
466	136
466	309
466	410
466	444
466	462
466	730
466	769
466	966
467	84
467	331
467	364
467	378
467	390
467	437
467	519
467	732
467	826
467	890
468	7
468	51
468	234
468	249
468	378
468	421
468	732
468	739
468	789
468	953
469	105
469	168
469	197
469	287
469	613
469	653
469	664
469	688
469	916
469	978
470	6
470	42
470	76
470	322
470	328
470	400
470	510
470	602
470	656
470	799
471	36
471	42
471	118
471	145
471	291
471	404
471	424
471	675
471	891
471	954
472	65
472	281
472	302
472	338
472	381
472	496
472	518
472	536
472	686
472	942
473	279
473	412
473	415
473	511
473	533
473	743
473	868
473	920
473	925
473	927
474	121
474	143
474	237
474	246
474	251
474	562
474	627
474	786
474	922
474	966
475	105
475	216
475	347
475	379
475	629
475	637
475	696
475	744
475	869
475	908
476	123
476	126
476	145
476	245
476	290
476	326
476	404
476	675
476	742
476	831
477	163
477	210
477	279
477	300
477	450
477	464
477	551
477	591
477	927
477	945
478	249
478	402
478	405
478	442
478	487
478	609
478	766
478	805
478	935
478	947
479	5
479	10
479	19
479	190
479	335
479	399
479	652
479	930
479	975
479	979
480	31
480	68
480	111
480	138
480	238
480	292
480	554
480	656
480	795
480	820
481	20
481	208
481	336
481	400
481	406
481	423
481	641
481	687
481	713
481	902
482	37
482	263
482	501
482	528
482	635
482	667
482	674
482	782
482	810
482	887
483	49
483	214
483	229
483	297
483	388
483	575
483	746
483	753
483	808
483	822
484	6
484	117
484	189
484	362
484	527
484	802
484	862
484	878
484	933
484	949
485	82
485	109
485	153
485	236
485	291
485	599
485	640
485	924
485	937
485	993
486	28
486	122
486	158
486	234
486	530
486	595
486	621
486	659
486	664
486	912
487	205
487	277
487	465
487	478
487	593
487	794
487	890
487	922
487	967
487	970
488	14
488	86
488	88
488	344
488	544
488	626
488	924
488	929
488	948
488	993
489	182
489	222
489	394
489	659
489	684
489	741
489	847
489	909
489	956
489	984
490	39
490	106
490	182
490	317
490	445
490	511
490	567
490	591
490	687
490	923
491	33
491	96
491	267
491	274
491	435
491	669
491	709
491	778
491	900
491	962
492	161
492	244
492	378
492	402
492	429
492	560
492	605
492	723
492	746
492	826
493	37
493	43
493	92
493	218
493	360
493	399
493	495
493	830
493	900
493	930
494	68
494	212
494	260
494	354
494	396
494	646
494	742
494	792
494	911
494	983
495	5
495	303
495	312
495	403
495	447
495	493
495	575
495	860
495	861
495	875
496	24
496	55
496	286
496	353
496	354
496	455
496	472
496	505
496	669
496	787
497	41
497	165
497	254
497	361
497	581
497	599
497	660
497	762
497	763
497	905
498	162
498	307
498	352
498	504
498	538
498	600
498	715
498	815
498	830
498	839
499	212
499	286
499	521
499	722
499	723
499	733
499	781
499	791
499	796
499	996
500	66
500	109
500	215
500	336
500	369
500	588
500	630
500	639
500	726
500	898
501	144
501	268
501	368
501	482
501	542
501	569
501	701
501	712
501	887
501	915
502	71
502	160
502	362
502	632
502	693
502	748
502	917
502	926
502	929
502	972
503	39
503	78
503	141
503	260
503	575
503	617
503	695
503	852
503	971
503	983
504	117
504	139
504	305
504	320
504	434
504	498
504	534
504	553
504	628
504	926
505	55
505	301
505	354
505	385
505	388
505	496
505	526
505	671
505	770
505	822
506	200
506	298
506	357
506	434
506	444
506	524
506	682
506	806
506	956
506	959
507	134
507	157
507	180
507	268
507	653
507	738
507	745
507	750
507	759
507	825
508	167
508	228
508	428
508	462
508	543
508	752
508	769
508	863
508	966
508	987
509	92
509	108
509	211
509	514
509	673
509	688
509	825
509	861
509	869
509	997
510	54
510	164
510	328
510	358
510	370
510	406
510	470
510	859
510	877
510	954
511	46
511	119
511	171
511	317
511	318
511	473
511	490
511	790
511	910
511	925
512	19
512	27
512	176
512	177
512	239
512	556
512	603
512	701
512	712
512	887
513	175
513	180
513	193
513	222
513	235
513	339
513	387
513	738
513	958
513	978
514	37
514	303
514	509
514	516
514	568
514	586
514	777
514	785
514	860
514	872
515	170
515	186
515	303
515	379
515	391
515	586
515	597
515	700
515	908
515	979
516	10
516	216
516	248
516	514
516	598
516	631
516	735
516	830
516	875
516	979
517	203
517	315
517	457
517	634
517	635
517	787
517	798
517	858
517	909
517	915
518	24
518	214
518	242
518	266
518	341
518	472
518	551
518	710
518	751
518	757
519	7
519	85
519	248
519	270
519	402
519	442
519	467
519	833
519	857
519	968
520	200
520	202
520	289
520	312
520	359
520	391
520	425
520	608
520	631
520	744
521	141
521	334
521	439
521	455
521	499
521	669
521	710
521	733
521	866
521	885
522	9
522	105
522	222
522	284
522	349
522	613
522	780
522	835
522	906
522	982
523	330
523	370
523	602
523	641
523	698
523	799
523	820
523	879
523	910
523	980
524	28
524	44
524	59
524	169
524	221
524	233
524	506
524	585
524	773
524	984
525	16
525	133
525	221
525	236
525	256
525	282
525	532
525	640
525	921
525	983
526	82
526	226
526	295
526	302
526	341
526	385
526	439
526	458
526	505
526	669
527	110
527	115
527	117
527	320
527	324
527	345
527	484
527	604
527	693
527	839
528	11
528	206
528	230
528	310
528	374
528	482
528	634
528	635
528	810
528	814
529	52
529	101
529	251
529	543
529	562
529	587
529	721
529	855
529	894
529	992
530	105
530	137
530	383
530	397
530	444
530	452
530	486
530	801
530	940
530	948
531	178
531	212
531	271
531	281
531	545
531	618
531	686
531	836
531	838
531	866
532	61
532	80
532	96
532	149
532	256
532	314
532	346
532	355
532	427
532	525
533	64
533	89
533	106
533	306
533	473
533	770
533	854
533	855
533	925
533	932
534	6
534	71
534	128
534	425
534	461
534	504
534	553
534	600
534	628
534	718
535	1
535	78
535	186
535	281
535	459
535	617
535	695
535	757
535	765
535	960
536	113
536	147
536	278
536	455
536	472
536	573
536	587
536	618
536	822
536	960
537	36
537	81
537	137
537	177
537	290
537	291
537	563
537	742
537	882
537	952
538	139
538	149
538	181
538	241
538	258
538	434
538	446
538	498
538	693
538	850
539	85
539	120
539	155
539	244
539	294
539	609
539	685
539	774
539	789
539	998
540	58
540	123
540	213
540	326
540	404
540	590
540	703
540	891
540	944
540	954
541	156
541	210
541	300
541	375
541	412
541	687
541	749
541	811
541	910
541	932
542	11
542	19
542	263
542	368
542	501
542	569
542	601
542	644
542	674
542	681
543	2
543	102
543	246
543	418
543	428
543	508
543	529
543	620
543	703
543	992
544	109
544	323
544	377
544	488
544	709
544	724
544	837
544	864
544	880
544	929
545	49
545	186
545	198
545	286
545	338
545	531
545	753
545	822
545	923
545	941
546	6
546	26
546	53
546	138
546	254
546	596
546	679
546	734
546	736
546	850
547	100
547	119
547	129
547	325
547	619
547	638
547	650
547	690
547	728
547	910
548	202
548	228
548	261
548	399
548	598
548	670
548	673
548	724
548	735
548	975
549	220
549	442
549	593
549	631
549	694
549	764
549	812
549	848
549	884
549	1000
550	57
550	72
550	155
550	220
550	224
550	244
550	405
550	555
550	705
550	970
551	130
551	250
551	375
551	380
551	415
551	477
551	518
551	790
551	854
551	910
552	205
552	220
552	329
552	373
552	378
552	437
552	442
552	593
552	774
552	850
553	53
553	128
553	258
553	316
553	332
553	398
553	504
553	534
553	715
553	775
554	76
554	292
554	297
554	328
554	348
554	414
554	423
554	480
554	783
554	967
555	103
555	124
555	155
555	257
555	269
555	304
555	342
555	550
555	947
555	973
556	239
556	457
556	512
556	601
556	603
556	642
556	711
556	810
556	853
556	915
557	40
557	109
557	209
557	274
557	409
557	599
557	647
557	655
557	864
557	874
558	156
558	234
558	277
558	393
558	444
558	595
558	621
558	736
558	847
558	916
559	191
559	213
559	231
559	291
559	616
559	672
559	745
559	891
559	952
559	989
560	34
560	72
560	161
560	304
560	308
560	329
560	373
560	492
560	890
560	986
561	5
561	196
561	347
561	419
561	568
561	586
561	597
561	598
561	683
561	877
562	61
562	183
562	418
562	474
562	529
562	574
562	615
562	645
562	731
562	966
563	4
563	376
563	392
563	417
563	537
563	682
563	703
563	706
563	840
563	949
564	160
564	162
564	189
564	266
564	395
564	398
564	594
564	693
564	926
564	933
565	85
565	257
565	429
565	579
565	593
565	707
565	793
565	794
565	805
565	918
566	107
566	165
566	173
566	243
566	416
566	422
566	599
566	655
566	680
566	755
567	380
567	408
567	445
567	450
567	464
567	490
567	591
567	749
567	809
567	980
568	240
568	289
568	425
568	514
568	561
568	589
568	608
568	825
568	886
568	977
569	13
569	176
569	209
569	374
569	457
569	501
569	542
569	667
569	782
569	798
570	34
570	47
570	51
570	329
570	421
570	685
570	723
570	732
570	868
570	921
571	6
571	117
571	368
571	441
571	446
571	576
571	665
571	802
571	878
571	917
572	36
572	148
572	172
572	260
572	386
572	710
572	722
572	753
572	796
572	996
573	54
573	76
573	292
573	328
573	336
573	372
573	426
573	536
573	692
573	892
574	50
574	183
574	309
574	443
574	562
574	620
574	627
574	719
574	876
574	886
575	24
575	212
575	266
575	323
575	353
575	440
575	483
575	495
575	503
575	808
576	26
576	446
576	571
576	604
576	714
576	775
576	817
576	835
576	839
576	878
577	123
577	153
577	247
577	273
577	274
577	409
577	438
577	647
577	988
577	990
578	35
578	50
578	620
578	655
578	786
578	803
578	876
578	894
578	936
578	966
579	179
579	269
579	465
579	565
579	605
579	636
579	707
579	789
579	848
579	874
580	105
580	140
580	142
580	156
580	194
580	217
580	303
580	780
580	895
580	956
581	62
581	153
581	229
581	236
581	369
581	435
581	497
581	639
581	726
581	880
582	233
582	283
582	287
582	383
582	420
582	773
582	813
582	928
582	935
582	982
583	32
583	90
583	337
583	346
583	727
583	740
583	741
583	771
583	806
583	847
584	97
584	124
584	310
584	431
584	432
584	603
584	711
584	797
584	798
584	857
585	44
585	262
585	277
585	298
585	524
585	653
585	771
585	806
585	847
585	969
586	43
586	447
586	514
586	515
586	561
586	631
586	696
586	702
586	833
586	977
587	259
587	301
587	354
587	366
587	529
587	536
587	671
587	757
587	779
587	808
588	25
588	40
588	77
588	314
588	320
588	448
588	449
588	500
588	900
588	974
589	5
589	92
589	190
589	216
589	218
589	289
589	455
589	568
589	608
589	702
590	69
590	73
590	177
590	223
590	275
590	365
590	417
590	540
590	840
590	879
591	375
591	380
591	415
591	445
591	477
591	490
591	567
591	667
591	754
591	811
592	26
592	181
592	185
592	407
592	446
592	596
592	629
592	718
592	871
592	972
593	47
593	67
593	120
593	367
593	487
593	549
593	552
593	565
593	789
593	890
594	53
594	139
594	181
594	258
594	307
594	564
594	646
594	651
594	815
594	917
595	32
595	104
595	200
595	227
595	284
595	486
595	558
595	681
595	803
595	847
596	320
596	362
596	398
596	441
596	461
596	546
596	592
596	625
596	709
596	871
597	76
597	225
597	261
597	379
597	447
597	515
597	561
597	598
597	830
597	997
598	37
598	43
598	216
598	335
598	399
598	516
598	548
598	561
598	597
598	741
599	22
599	40
599	151
599	383
599	485
599	497
599	557
599	566
599	726
599	768
600	71
600	181
600	254
600	258
600	332
600	420
600	498
600	534
600	628
600	926
601	263
601	368
601	432
601	542
601	556
601	611
601	668
601	674
601	853
601	858
602	31
602	114
602	470
602	523
602	677
602	691
602	788
602	841
602	859
602	877
603	144
603	176
603	389
603	512
603	556
603	584
603	635
603	711
603	782
603	903
604	26
604	71
604	139
604	145
604	189
604	307
604	352
604	527
604	576
604	972
605	85
605	492
605	579
605	685
605	852
605	856
605	884
605	890
605	947
605	967
606	47
606	72
606	220
606	285
606	373
606	684
606	723
606	761
606	899
606	953
607	36
607	60
607	69
607	213
607	245
607	424
607	616
607	706
607	831
607	956
608	211
608	303
608	425
608	447
608	520
608	568
608	589
608	637
608	673
608	721
609	47
609	288
609	327
609	373
609	478
609	539
609	729
609	794
609	815
609	874
610	57
610	390
610	402
610	694
610	708
610	723
610	739
610	868
610	890
610	973
611	13
611	176
611	184
611	374
611	601
611	662
611	674
611	711
611	829
611	849
612	79
612	91
612	114
612	209
612	427
612	438
612	639
612	660
612	800
612	846
613	321
613	343
613	469
613	522
613	727
613	828
613	835
613	935
613	956
613	959
614	119
614	171
614	222
614	277
614	624
614	678
614	755
614	806
614	843
614	851
615	52
615	351
615	443
615	462
615	562
615	659
615	689
615	786
615	845
615	855
616	245
616	392
616	424
616	429
616	559
616	607
616	672
616	675
616	697
616	704
617	15
617	95
617	178
617	321
617	323
617	366
617	384
617	503
617	535
617	960
618	45
618	141
618	172
618	212
618	301
618	458
618	531
618	536
618	671
618	990
619	182
619	293
619	317
619	333
619	450
619	547
619	690
619	743
619	854
619	881
620	90
620	102
620	121
620	199
620	237
620	543
620	574
620	578
620	650
620	855
621	146
621	154
621	454
621	486
621	558
621	623
621	664
621	738
621	956
621	978
622	26
622	298
622	345
622	395
622	407
622	734
622	748
622	802
622	842
622	965
623	21
623	75
623	140
623	142
623	236
623	621
623	624
623	684
623	956
623	968
624	21
624	137
624	290
624	387
624	420
624	614
624	623
624	806
624	828
624	865
625	241
625	325
625	446
625	596
625	649
625	714
625	802
625	817
625	871
625	917
626	33
626	62
626	151
626	179
626	252
626	438
626	488
626	793
626	814
626	938
627	50
627	255
627	309
627	428
627	474
627	574
627	721
627	855
627	863
627	876
628	115
628	307
628	345
628	461
628	504
628	534
628	600
628	651
628	714
628	919
629	190
629	347
629	391
629	475
629	592
629	673
629	676
629	700
629	744
629	872
630	22
630	40
630	96
630	126
630	151
630	243
630	280
630	500
630	640
630	762
631	190
631	413
631	419
631	516
631	520
631	549
631	586
631	670
631	696
631	930
632	117
632	301
632	332
632	382
632	502
632	708
632	715
632	777
632	817
632	862
633	49
633	141
633	172
633	204
633	260
633	396
633	791
633	852
633	942
633	974
634	176
634	315
634	431
634	453
634	517
634	528
634	644
634	657
634	667
634	674
635	3
635	246
635	482
635	517
635	528
635	603
635	782
635	853
635	858
635	915
636	84
636	96
636	288
636	342
636	402
636	579
636	705
636	844
636	947
636	986
637	10
637	218
637	360
637	475
637	608
637	700
637	702
637	816
637	845
637	939
638	64
638	89
638	106
638	306
638	412
638	547
638	687
638	728
638	853
638	920
639	83
639	109
639	215
639	312
639	422
639	500
639	581
639	612
639	760
639	846
640	23
640	188
640	355
640	367
640	377
640	485
640	525
640	630
640	773
640	988
641	208
641	238
641	313
641	358
641	401
641	481
641	523
641	677
641	892
641	896
642	35
642	102
642	237
642	350
642	556
642	689
642	725
642	731
642	894
642	987
643	81
643	86
643	108
643	174
643	177
643	376
643	840
643	882
643	954
643	989
644	27
644	124
644	187
644	206
644	368
644	542
644	634
644	711
644	797
644	903
645	52
645	98
645	350
645	418
645	442
645	562
645	845
645	855
645	863
645	894
646	68
646	186
646	253
646	323
646	494
646	594
646	757
646	796
646	866
646	969
647	33
647	77
647	80
647	107
647	557
647	577
647	724
647	763
647	939
647	993
648	33
648	38
648	82
648	83
648	88
648	126
648	338
648	369
648	905
648	929
649	26
649	371
649	434
649	625
649	714
649	775
649	815
649	904
649	960
649	972
650	52
650	152
650	183
650	199
650	246
650	309
650	418
650	547
650	620
650	936
651	362
651	395
651	407
651	594
651	628
651	734
651	812
651	817
651	871
651	878
652	37
652	113
652	218
652	399
652	479
652	676
652	872
652	939
652	975
652	977
653	30
653	91
653	122
653	184
653	262
653	469
653	507
653	585
653	657
653	802
654	77
654	83
654	86
654	219
654	367
654	392
654	436
654	763
654	880
654	900
655	23
655	29
655	149
655	256
655	416
655	557
655	566
655	578
655	974
655	981
656	238
656	328
656	414
656	470
656	480
656	689
656	788
656	859
656	889
656	957
657	112
657	122
657	168
657	298
657	397
657	452
657	634
657	653
657	661
657	834
658	51
658	70
658	327
658	337
658	402
658	416
658	685
658	729
658	761
658	794
659	9
659	268
659	343
659	411
659	486
659	489
659	615
659	738
659	895
659	943
660	16
660	209
660	220
660	305
660	497
660	612
660	762
660	867
660	924
660	995
661	234
661	343
661	348
661	363
661	394
661	657
661	678
661	745
661	765
661	978
662	144
662	239
662	611
662	667
662	763
662	798
662	829
662	849
662	858
662	914
663	82
663	153
663	247
663	282
663	344
663	407
663	435
663	763
663	888
663	938
664	59
664	157
664	264
664	298
664	469
664	486
664	621
664	772
664	958
664	997
665	115
665	172
665	185
665	345
665	395
665	407
665	571
665	736
665	839
665	871
666	35
666	152
666	272
666	310
666	418
666	725
666	752
666	769
666	786
666	803
667	19
667	263
667	368
667	457
667	482
667	569
667	591
667	634
667	662
667	829
668	30
668	169
668	280
668	397
668	601
668	727
668	827
668	865
668	951
668	958
669	55
669	253
669	321
669	458
669	491
669	496
669	521
669	526
669	751
669	753
670	170
670	192
670	228
670	347
670	359
670	419
670	548
670	631
670	860
670	865
671	39
671	49
671	284
671	321
671	338
671	451
671	505
671	587
671	618
671	941
672	69
672	145
672	190
672	213
672	326
672	365
672	559
672	616
672	742
672	952
673	17
673	359
673	360
673	425
673	509
673	548
673	608
673	629
673	744
673	817
674	263
674	372
674	482
674	542
674	601
674	611
674	634
674	797
674	798
674	887
675	60
675	177
675	365
675	404
675	471
675	476
675	616
675	831
675	944
675	989
676	170
676	239
676	335
676	359
676	629
676	652
676	683
676	688
676	825
676	830
677	112
677	138
677	232
677	336
677	370
677	602
677	641
677	692
677	896
677	999
678	157
678	227
678	264
678	287
678	298
678	363
678	410
678	614
678	661
678	901
679	53
679	160
679	254
679	332
679	441
679	546
679	715
679	817
679	902
679	994
680	25
680	133
680	252
680	294
680	416
680	456
680	566
680	823
680	987
680	990
681	156
681	158
681	175
681	227
681	277
681	280
681	542
681	595
681	901
681	978
682	75
682	104
682	157
682	200
682	393
682	454
682	506
682	563
682	883
682	971
683	170
683	403
683	561
683	676
683	711
683	825
683	872
683	907
683	930
683	979
684	146
684	157
684	200
684	324
684	363
684	387
684	444
684	489
684	606
684	623
685	34
685	116
685	257
685	539
685	570
685	605
685	658
685	705
685	707
685	766
686	94
686	271
686	286
686	459
686	472
686	531
686	747
686	792
686	814
686	908
687	130
687	159
687	265
687	325
687	333
687	334
687	481
687	490
687	541
687	638
688	37
688	170
688	196
688	225
688	289
688	335
688	403
688	469
688	509
688	676
689	8
689	35
689	136
689	199
689	340
689	615
689	642
689	656
689	731
689	886
690	51
690	100
690	210
690	317
690	547
690	619
690	743
690	770
690	854
690	932
691	24
691	322
691	358
691	602
691	737
691	783
691	892
691	896
691	902
691	934
692	42
692	330
692	402
692	423
692	573
692	677
692	783
692	820
692	841
692	879
693	160
693	162
693	363
693	382
693	502
693	527
693	538
693	564
693	917
693	933
694	85
694	120
694	205
694	244
694	304
694	436
694	549
694	610
694	922
694	998
695	15
695	94
695	127
695	204
695	214
695	295
695	503
695	535
695	726
695	784
696	17
696	202
696	211
696	228
696	475
696	586
696	631
696	930
696	982
696	997
697	43
697	108
697	118
697	145
697	213
697	223
697	245
697	417
697	616
697	742
698	54
698	99
698	166
698	238
698	311
698	372
698	523
698	892
698	916
698	980
699	63
699	68
699	208
699	259
699	385
699	440
699	459
699	710
699	747
699	941
700	190
700	218
700	228
700	240
700	425
700	515
700	629
700	637
700	807
700	977
701	11
701	263
701	315
701	432
701	453
701	462
701	501
701	512
701	798
701	849
702	62
702	190
702	216
702	303
702	359
702	586
702	589
702	637
702	869
702	979
703	4
703	123
703	223
703	290
703	365
703	540
703	543
703	563
703	831
703	881
704	150
704	174
704	191
704	213
704	290
704	616
704	882
704	928
704	937
704	949
705	70
705	255
705	376
705	550
705	636
705	685
705	729
705	874
705	884
705	918
706	59
706	73
706	81
706	118
706	145
706	231
706	316
706	319
706	563
706	607
707	67
707	220
707	269
707	421
707	565
707	579
707	685
707	761
707	882
707	922
708	71
708	241
708	307
708	610
708	632
708	714
708	775
708	777
708	842
708	850
709	219
709	433
709	436
709	448
709	449
709	491
709	544
709	596
709	767
709	897
710	1
710	68
710	271
710	518
710	521
710	572
710	699
710	792
710	844
710	866
711	124
711	206
711	556
711	584
711	603
711	611
711	644
711	683
711	829
711	853
712	13
712	239
712	310
712	432
712	453
712	457
712	464
712	501
712	512
712	798
713	42
713	60
713	87
713	292
713	336
713	481
713	788
713	795
713	879
713	980
714	162
714	371
714	401
714	446
714	576
714	625
714	628
714	649
714	708
714	842
715	115
715	189
715	241
715	254
715	498
715	553
715	632
715	679
715	761
715	994
716	39
716	212
716	214
716	226
716	266
716	301
716	733
716	822
716	836
716	961
717	88
717	114
717	133
717	252
717	269
717	294
717	349
717	724
717	726
717	768
718	110
718	160
718	162
718	345
718	352
718	534
718	592
718	749
718	862
718	994
719	90
719	91
719	146
719	175
719	222
719	234
719	262
719	364
719	574
719	883
720	25
720	72
720	82
720	126
720	221
720	427
720	463
720	760
720	776
720	963
721	35
721	195
721	272
721	418
721	529
721	608
721	627
721	786
721	876
721	894
722	204
722	278
722	286
722	397
722	499
722	572
722	757
722	779
722	866
722	911
723	72
723	405
723	442
723	465
723	492
723	499
723	570
723	606
723	610
723	967
724	62
724	83
724	153
724	361
724	544
724	548
724	647
724	717
724	793
724	837
725	163
725	187
725	195
725	199
725	642
725	666
725	730
725	731
725	786
725	829
726	79
726	215
726	344
726	500
726	581
726	599
726	695
726	717
726	818
726	888
727	194
727	227
727	280
727	283
727	383
727	583
727	613
727	668
727	768
727	838
728	152
728	182
728	293
728	375
728	547
728	638
728	804
728	811
728	919
728	923
729	390
729	421
729	609
729	658
729	705
729	732
729	856
729	899
729	918
729	957
730	101
730	102
730	136
730	183
730	272
730	357
730	462
730	466
730	725
730	863
731	143
731	163
731	351
731	562
731	642
731	689
731	725
731	886
731	934
731	987
732	181
732	270
732	373
732	405
732	467
732	468
732	570
732	729
732	761
732	874
733	15
733	198
733	323
733	451
733	455
733	499
733	521
733	716
733	797
733	852
734	53
734	110
734	160
734	352
734	362
734	461
734	546
734	622
734	651
734	856
735	48
735	218
735	283
735	516
735	548
735	816
735	907
735	913
735	946
735	977
736	117
736	139
736	181
736	345
736	546
736	558
736	665
736	862
736	878
736	917
737	166
737	372
737	400
737	426
737	691
737	783
737	820
737	841
737	941
737	999
738	90
738	137
738	171
738	363
738	385
738	507
738	513
738	621
738	659
738	835
739	33
739	34
739	57
739	131
739	155
739	193
739	205
739	285
739	468
739	610
740	104
740	146
740	194
740	217
740	313
740	357
740	399
740	583
740	827
740	828
741	30
741	158
741	200
741	227
741	393
741	489
741	583
741	598
741	948
741	985
742	73
742	81
742	150
742	223
742	404
742	476
742	494
742	537
742	672
742	697
743	100
743	106
743	142
743	293
743	412
743	464
743	473
743	619
743	690
743	919
744	192
744	202
744	413
744	475
744	520
744	629
744	673
744	913
744	926
744	939
745	32
745	233
745	444
745	507
745	559
745	661
745	883
745	959
745	968
745	982
746	229
746	242
746	259
746	271
746	341
746	440
746	455
746	458
746	483
746	492
747	39
747	55
747	178
747	242
747	341
747	384
747	443
747	686
747	699
747	911
748	185
748	189
748	320
748	332
748	352
748	362
748	502
748	622
748	751
748	815
749	300
749	334
749	375
749	380
749	412
749	415
749	541
749	567
749	718
749	804
750	91
750	178
750	180
750	197
750	313
750	411
750	454
750	507
750	909
750	935
751	39
751	45
751	113
751	386
751	451
751	518
751	669
751	748
751	756
751	852
752	98
752	101
752	152
752	342
752	356
752	410
752	508
752	666
752	936
752	987
753	204
753	214
753	295
753	483
753	545
753	572
753	669
753	790
753	836
753	996
754	130
754	250
754	317
754	333
754	445
754	460
754	591
754	759
754	804
754	910
755	21
755	234
755	313
755	364
755	444
755	566
755	614
755	835
755	909
755	982
756	49
756	259
756	266
756	301
756	302
756	323
756	341
756	374
756	751
756	814
757	135
757	172
757	242
757	458
757	518
757	535
757	587
757	646
757	722
757	799
758	63
758	76
758	99
758	138
758	208
758	238
758	292
758	370
758	859
758	991
759	59
759	146
759	168
759	283
759	389
759	507
759	754
759	813
759	834
759	851
760	23
760	83
760	199
760	209
760	344
760	416
760	639
760	720
760	800
760	963
761	34
761	131
761	269
761	606
761	658
761	707
761	715
761	732
761	821
761	970
762	125
762	247
762	349
762	448
762	497
762	630
762	660
762	782
762	800
762	921
763	22
763	33
763	497
763	647
763	654
763	662
763	663
763	900
763	963
763	990
764	34
764	285
764	337
764	378
764	549
764	848
764	868
764	875
764	922
764	1000
765	21
765	56
765	91
765	140
765	387
765	535
765	661
765	813
765	835
765	895
766	74
766	85
766	116
766	117
766	120
766	342
766	442
766	478
766	685
766	890
767	16
767	23
767	66
767	201
767	245
767	252
767	274
767	299
767	377
767	709
768	61
768	256
768	282
768	448
768	456
768	599
768	717
768	727
768	800
768	824
769	2
769	50
769	52
769	333
769	410
769	466
769	508
769	666
769	863
769	964
770	89
770	182
770	415
770	505
770	533
770	690
770	854
770	919
770	927
770	945
771	156
771	169
771	298
771	411
771	430
771	583
771	585
771	796
771	838
771	984
772	90
772	112
772	134
772	197
772	235
772	283
772	664
772	838
772	851
772	946
773	105
773	276
773	420
773	444
773	524
773	582
773	640
773	813
773	943
773	968
774	7
774	47
774	85
774	116
774	203
774	331
774	539
774	552
774	953
774	998
775	115
775	139
775	194
775	553
775	576
775	649
775	708
775	842
775	904
775	965
776	66
776	151
776	305
776	349
776	367
776	422
776	435
776	720
776	938
776	970
777	6
777	110
777	185
777	307
777	434
777	514
777	632
777	708
777	917
777	965
778	115
778	188
778	247
778	367
778	409
778	435
778	438
778	491
778	824
778	912
779	141
779	147
779	226
779	259
779	299
779	366
779	381
779	458
779	587
779	722
780	9
780	122
780	134
780	389
780	393
780	522
780	580
780	827
780	905
780	943
781	1
781	92
781	204
781	396
781	439
781	458
781	499
781	796
781	836
781	969
782	19
782	230
782	482
782	569
782	603
782	635
782	762
782	810
782	903
782	914
783	17
783	42
783	208
783	292
783	328
783	554
783	691
783	692
783	737
783	819
784	45
784	134
784	135
784	266
784	286
784	388
784	439
784	459
784	695
784	808
785	37
785	228
785	270
785	347
785	399
785	413
785	514
785	908
785	977
785	997
786	192
786	356
786	474
786	578
786	615
786	666
786	721
786	725
786	966
786	992
787	11
787	19
787	124
787	315
787	431
787	496
787	517
787	798
787	853
787	914
788	76
788	106
788	311
788	401
788	602
788	656
788	713
788	877
788	896
788	999
789	67
789	155
789	285
789	331
789	409
789	468
789	539
789	579
789	593
789	922
790	46
790	210
790	279
790	293
790	375
790	511
790	551
790	753
790	920
790	925
791	78
791	266
791	388
791	393
791	396
791	499
791	633
791	796
791	814
791	885
792	63
792	147
792	155
792	226
792	295
792	386
792	494
792	686
792	710
792	996
793	14
793	79
793	224
793	267
793	299
793	565
793	626
793	724
793	864
793	924
794	215
794	244
794	437
794	487
794	565
794	609
794	658
794	821
794	970
794	998
795	65
795	87
795	232
795	311
795	348
795	480
795	713
795	819
795	934
795	962
796	24
796	113
796	172
796	178
796	499
796	572
796	646
796	771
796	781
796	791
797	97
797	203
797	206
797	230
797	315
797	584
797	644
797	674
797	733
797	914
798	204
798	517
798	569
798	584
798	662
798	674
798	701
798	712
798	787
798	810
799	18
799	138
799	164
799	297
799	470
799	523
799	757
799	819
799	859
799	957
800	93
800	114
800	274
800	418
800	612
800	760
800	762
800	768
800	832
800	867
801	41
801	80
801	125
801	209
801	530
801	832
801	873
801	921
801	974
801	993
802	26
802	71
802	162
802	320
802	345
802	484
802	571
802	622
802	625
802	653
803	8
803	98
803	132
803	356
803	578
803	595
803	666
803	845
803	936
803	964
804	64
804	119
804	250
804	306
804	315
804	408
804	728
804	749
804	754
804	809
805	131
805	225
805	248
805	478
805	565
805	812
805	826
805	844
805	868
805	961
806	276
806	287
806	335
806	364
806	506
806	583
806	585
806	614
806	624
806	943
807	58
807	89
807	100
807	210
807	293
807	333
807	460
807	700
807	910
807	923
808	127
808	186
808	323
808	381
808	411
808	458
808	483
808	575
808	587
808	784
809	46
809	58
809	143
809	182
809	408
809	445
809	567
809	804
809	893
809	919
810	3
810	144
810	206
810	262
810	431
810	482
810	528
810	556
810	782
810	798
811	48
811	100
811	130
811	279
811	541
811	591
811	728
811	910
811	919
811	927
812	120
812	205
812	257
812	270
812	337
812	390
812	549
812	651
812	805
812	870
813	169
813	234
813	276
813	287
813	582
813	759
813	765
813	773
813	865
813	942
814	135
814	178
814	321
814	323
814	459
814	528
814	626
814	686
814	756
814	791
815	139
815	254
815	395
815	461
815	498
815	594
815	609
815	649
815	748
815	926
816	17
816	32
816	43
816	240
816	379
816	447
816	637
816	735
816	908
816	975
817	160
817	307
817	407
817	576
817	625
817	632
817	651
817	673
817	679
817	926
818	14
818	77
818	114
818	173
818	188
818	236
818	252
818	355
818	437
818	726
819	20
819	99
819	111
819	139
819	164
819	783
819	795
819	799
819	859
819	879
820	42
820	166
820	480
820	523
820	692
820	737
820	859
820	896
820	902
820	945
821	57
821	72
821	269
821	327
821	329
821	465
821	761
821	794
821	930
821	961
822	63
822	94
822	109
822	148
822	455
822	483
822	505
822	536
822	545
822	716
823	25
823	93
823	215
823	261
823	273
823	299
823	449
823	680
823	929
823	981
824	3
824	82
824	107
824	165
824	224
824	377
824	768
824	778
824	921
824	962
825	37
825	170
825	335
825	507
825	509
825	568
825	676
825	683
825	860
825	861
826	131
826	168
826	269
826	337
826	467
826	492
826	805
826	848
826	884
826	961
827	112
827	125
827	283
827	668
827	740
827	780
827	895
827	906
827	958
827	971
828	233
828	279
828	313
828	383
828	411
828	613
828	624
828	740
828	906
828	959
829	27
829	97
829	203
829	206
829	453
829	611
829	662
829	667
829	711
829	725
830	5
830	48
830	447
830	493
830	498
830	516
830	597
830	676
830	908
830	930
831	4
831	60
831	69
831	73
831	331
831	476
831	607
831	675
831	703
831	944
832	16
832	29
832	77
832	147
832	224
832	416
832	800
832	801
832	837
832	929
833	84
833	116
833	270
833	465
833	519
833	586
833	874
833	967
833	970
833	1000
834	194
834	217
834	230
834	339
834	430
834	657
834	759
834	843
834	948
834	978
835	90
835	264
835	343
835	397
835	522
835	576
835	613
835	738
835	755
835	765
836	107
836	127
836	135
836	281
836	439
836	531
836	716
836	753
836	781
836	885
837	188
837	221
837	349
837	435
837	449
837	544
837	724
837	832
837	892
837	938
838	264
838	280
838	287
838	363
838	531
838	727
838	771
838	772
838	895
838	901
839	53
839	189
839	352
839	446
839	463
839	498
839	527
839	576
839	665
839	933
840	60
840	69
840	150
840	326
840	392
840	563
840	590
840	643
840	884
840	891
841	31
841	69
841	232
841	336
841	348
841	370
841	414
841	602
841	692
841	737
842	127
842	128
842	275
842	307
842	352
842	441
842	622
842	708
842	714
842	775
843	56
843	59
843	134
843	175
843	284
843	398
843	614
843	834
843	865
843	958
844	74
844	103
844	155
844	337
844	636
844	710
844	805
844	856
844	870
844	998
845	2
845	187
845	272
845	428
845	615
845	637
845	645
845	803
845	936
845	987
846	207
846	236
846	247
846	314
846	436
846	612
846	639
846	876
846	897
846	988
847	34
847	171
847	268
847	394
847	489
847	558
847	583
847	585
847	595
847	955
848	220
848	342
848	402
848	549
848	579
848	764
848	826
848	857
848	943
848	967
849	27
849	124
849	176
849	206
849	211
849	310
849	611
849	662
849	701
849	858
850	160
850	382
850	395
850	398
850	407
850	538
850	546
850	552
850	708
850	965
851	67
851	140
851	169
851	217
851	452
851	614
851	759
851	772
851	883
851	959
852	1
852	15
852	68
852	503
852	605
852	633
852	733
852	751
852	911
852	996
853	13
853	230
853	457
853	556
853	601
853	635
853	638
853	711
853	787
853	887
854	300
854	325
854	362
854	533
854	551
854	619
854	690
854	770
854	927
854	932
855	163
855	167
855	195
855	410
855	529
855	533
855	615
855	620
855	627
855	645
856	67
856	304
856	605
856	729
856	734
856	844
856	868
856	947
856	986
856	1000
857	116
857	161
857	244
857	390
857	519
857	584
857	848
857	899
857	986
857	1000
858	27
858	431
858	446
858	453
858	517
858	601
858	635
858	662
858	849
858	887
859	210
859	336
859	414
859	510
859	602
859	656
859	758
859	799
859	819
859	820
860	122
860	190
860	335
860	359
860	379
860	399
860	495
860	514
860	670
860	825
861	17
861	48
861	225
861	495
861	509
861	825
861	869
861	907
861	938
861	939
862	6
862	110
862	395
862	398
862	434
862	452
862	484
862	632
862	718
862	736
863	2
863	136
863	218
863	351
863	410
863	508
863	627
863	645
863	730
863	769
864	80
864	243
864	273
864	326
864	544
864	557
864	793
864	873
864	929
864	938
865	175
865	268
865	308
865	624
865	668
865	670
865	813
865	843
865	935
865	982
866	113
866	229
866	253
866	449
866	521
866	531
866	646
866	710
866	722
866	941
867	62
867	64
867	207
867	256
867	449
867	660
867	800
867	912
867	931
867	963
868	51
868	103
868	390
868	473
868	570
868	610
868	764
868	805
868	856
868	973
869	92
869	190
869	228
869	343
869	475
869	509
869	702
869	861
869	930
869	939
870	44
870	47
870	67
870	84
870	220
870	255
870	812
870	844
870	918
870	973
871	53
871	115
871	300
871	345
871	592
871	596
871	625
871	651
871	665
871	972
872	196
872	216
872	225
872	312
872	514
872	629
872	652
872	683
872	913
872	914
873	62
873	125
873	369
873	377
873	436
873	459
873	801
873	864
873	963
873	990
874	34
874	57
874	103
874	421
874	557
874	579
874	609
874	705
874	732
874	833
875	5
875	48
875	92
875	335
875	419
875	495
875	516
875	764
875	946
875	997
876	183
876	187
876	237
876	462
876	574
876	578
876	627
876	721
876	846
876	992
877	54
877	99
877	238
877	400
877	426
877	510
877	561
877	602
877	788
877	889
878	181
878	254
878	484
878	571
878	576
878	651
878	736
878	888
878	917
878	933
879	18
879	330
879	400
879	401
879	523
879	590
879	692
879	713
879	819
879	902
880	29
880	79
880	160
880	173
880	207
880	544
880	581
880	654
880	938
880	962
881	4
881	60
881	223
881	245
881	319
881	619
881	703
881	928
881	944
881	954
882	319
882	365
882	417
882	424
882	537
882	643
882	704
882	707
882	949
882	952
883	112
883	142
883	262
883	387
883	682
883	719
883	745
883	851
883	913
883	948
884	70
884	249
884	257
884	421
884	549
884	605
884	705
884	826
884	840
884	986
885	45
885	63
885	178
885	183
885	186
885	212
885	521
885	791
885	836
885	942
886	102
886	136
886	167
886	251
886	568
886	574
886	689
886	731
886	964
886	987
887	3
887	310
887	431
887	482
887	501
887	512
887	674
887	853
887	858
887	973
888	133
888	282
888	361
888	427
888	438
888	663
888	726
888	878
888	931
888	981
889	87
889	138
889	238
889	330
889	351
889	358
889	401
889	406
889	656
889	877
890	85
890	340
890	437
890	467
890	487
890	560
890	593
890	605
890	610
890	766
891	36
891	275
891	316
891	326
891	456
891	471
891	540
891	559
891	840
891	952
892	20
892	65
892	292
892	370
892	406
892	573
892	641
892	691
892	698
892	837
893	58
893	106
893	165
893	250
893	318
893	333
893	460
893	809
893	920
893	945
894	8
894	50
894	130
894	183
894	195
894	529
894	578
894	642
894	645
894	721
895	32
895	200
895	580
895	659
895	765
895	827
895	838
895	909
895	933
895	935
896	83
896	292
896	641
896	677
896	691
896	788
896	820
896	934
896	957
896	980
897	96
897	141
897	221
897	224
897	282
897	422
897	433
897	709
897	846
897	937
898	41
898	149
898	344
898	355
898	367
898	439
898	500
898	905
898	921
898	988
899	67
899	94
899	220
899	329
899	405
899	437
899	606
899	729
899	857
899	967
900	80
900	109
900	215
900	427
900	491
900	493
900	588
900	654
900	763
900	993
901	32
901	122
901	169
901	223
901	298
901	308
901	387
901	678
901	681
901	838
902	20
902	54
902	65
902	208
902	400
902	481
902	679
902	691
902	820
902	879
903	3
903	169
903	239
903	310
903	315
903	457
903	603
903	644
903	782
903	914
904	128
904	132
904	189
904	254
904	258
904	362
904	434
904	649
904	775
904	917
905	25
905	62
905	256
905	367
905	497
905	648
905	780
905	898
905	931
905	995
906	104
906	158
906	217
906	235
906	262
906	308
906	522
906	827
906	828
906	988
907	48
907	192
907	240
907	289
907	386
907	683
907	735
907	861
907	975
907	977
908	10
908	43
908	347
908	391
908	475
908	515
908	686
908	785
908	816
908	830
909	44
909	146
909	284
909	343
909	489
909	517
909	750
909	755
909	895
909	950
910	119
910	464
910	511
910	523
910	541
910	547
910	551
910	754
910	807
910	811
911	55
911	93
911	147
911	260
911	353
911	354
911	494
911	722
911	747
911	852
912	207
912	215
912	256
912	409
912	486
912	778
912	867
912	931
912	974
912	988
913	10
913	43
913	192
913	218
913	312
913	359
913	735
913	744
913	872
913	883
914	11
914	239
914	263
914	432
914	662
914	782
914	787
914	797
914	872
914	903
915	97
915	144
915	206
915	368
915	453
915	501
915	517
915	556
915	635
915	977
916	30
916	59
916	134
916	168
916	264
916	411
916	469
916	558
916	698
916	956
917	288
917	502
917	571
917	594
917	625
917	693
917	736
917	777
917	878
917	904
918	7
918	74
918	84
918	103
918	222
918	288
918	565
918	705
918	729
918	870
919	130
919	159
919	450
919	628
919	728
919	743
919	770
919	809
919	811
919	925
920	159
920	271
920	279
920	325
920	408
920	415
920	473
920	638
920	790
920	893
921	33
921	215
921	296
921	361
921	525
921	570
921	762
921	801
921	824
921	898
922	248
922	429
922	474
922	487
922	694
922	707
922	764
922	789
922	947
922	961
923	129
923	265
923	279
923	318
923	445
923	464
923	490
923	545
923	728
923	807
924	66
924	114
924	154
924	252
924	356
924	485
924	488
924	660
924	793
924	929
925	106
925	129
925	159
925	265
925	473
925	511
925	533
925	790
925	919
925	994
926	352
926	398
926	502
926	504
926	564
926	600
926	744
926	815
926	817
926	972
927	159
927	182
927	380
927	441
927	473
927	477
927	770
927	811
927	854
927	932
928	60
928	118
928	150
928	319
928	392
928	404
928	424
928	582
928	704
928	881
929	151
929	488
929	502
929	544
929	648
929	823
929	832
929	864
929	924
929	990
930	196
930	240
930	479
930	493
930	631
930	683
930	696
930	821
930	830
930	869
931	16
931	107
931	153
931	226
931	349
931	867
931	888
931	905
931	912
931	981
932	279
932	318
932	359
932	450
932	533
932	541
932	690
932	854
932	927
932	945
933	320
933	371
933	441
933	461
933	484
933	564
933	693
933	839
933	878
933	895
934	166
934	297
934	311
934	322
934	372
934	423
934	691
934	731
934	795
934	896
935	56
935	142
935	346
935	478
935	582
935	613
935	750
935	865
935	895
935	940
936	52
936	309
936	354
936	428
936	578
936	650
936	752
936	803
936	845
936	966
937	29
937	33
937	38
937	88
937	133
937	485
937	704
937	897
937	962
937	993
938	355
938	427
938	463
938	626
938	663
938	776
938	837
938	861
938	864
938	880
939	37
939	216
939	228
939	425
939	637
939	647
939	652
939	744
939	861
939	869
940	32
940	44
940	142
940	227
940	277
940	286
940	324
940	530
940	935
940	950
941	15
941	242
941	281
941	385
941	545
941	671
941	699
941	737
941	866
941	983
942	49
942	278
942	302
942	338
942	341
942	472
942	633
942	813
942	885
942	983
943	122
943	171
943	277
943	659
943	773
943	780
943	806
943	848
943	955
943	982
944	47
944	123
944	213
944	291
944	316
944	404
944	540
944	675
944	831
944	881
945	64
945	106
945	333
945	408
945	464
945	477
945	770
945	820
945	893
945	932
946	17
946	196
946	379
946	391
946	399
946	403
946	413
946	735
946	772
946	875
947	34
947	255
947	465
947	478
947	555
947	605
947	636
947	856
947	922
947	985
948	30
948	44
948	75
948	184
948	394
948	488
948	530
948	741
948	834
948	883
949	81
949	174
949	177
949	275
949	484
949	563
949	704
949	882
949	954
949	989
950	128
950	134
950	157
950	194
950	284
950	411
950	909
950	940
950	968
950	985
951	21
951	30
951	91
951	116
951	184
951	233
951	276
951	357
951	389
951	668
952	22
952	177
952	275
952	365
952	417
952	537
952	559
952	672
952	882
952	891
953	120
953	248
953	255
953	257
953	327
953	369
953	437
953	468
953	606
953	774
954	4
954	123
954	145
954	291
954	471
954	510
954	540
954	643
954	881
954	949
955	121
955	140
955	171
955	283
955	343
955	383
955	393
955	452
955	847
955	943
956	234
956	489
956	506
956	580
956	607
956	613
956	621
956	623
956	916
956	959
957	164
957	166
957	208
957	322
957	348
957	372
957	656
957	729
957	799
957	896
958	59
958	277
958	284
958	357
958	451
958	513
958	664
958	668
958	827
958	843
959	66
959	284
959	324
959	430
959	506
959	613
959	745
959	828
959	851
959	956
960	1
960	278
960	440
960	455
960	459
960	535
960	536
960	617
960	649
960	969
961	67
961	193
961	249
961	270
961	327
961	716
961	805
961	821
961	826
961	922
962	22
962	40
962	61
962	149
962	463
962	491
962	795
962	824
962	880
962	937
963	41
963	153
963	196
963	224
963	422
963	720
963	760
963	763
963	867
963	873
964	8
964	12
964	50
964	185
964	237
964	428
964	443
964	769
964	803
964	886
965	110
965	160
965	189
965	622
965	775
965	777
965	850
965	972
965	981
965	994
966	10
966	195
966	350
966	466
966	474
966	508
966	562
966	578
966	786
966	936
967	57
967	103
967	337
967	487
967	554
967	605
967	723
967	833
967	848
967	899
968	28
968	197
968	264
968	287
968	357
968	519
968	623
968	745
968	773
968	950
969	113
969	253
969	281
969	439
969	451
969	585
969	646
969	781
969	960
969	983
970	84
970	116
970	248
970	421
970	487
970	550
970	761
970	776
970	794
970	833
971	140
971	158
971	222
971	264
971	268
971	394
971	397
971	503
971	682
971	827
972	162
972	388
972	441
972	502
972	592
972	604
972	649
972	871
972	926
972	965
973	244
973	255
973	331
973	378
973	555
973	610
973	868
973	870
973	887
973	986
974	209
974	247
974	294
974	377
974	448
974	588
974	633
974	655
974	801
974	912
975	213
975	240
975	261
975	312
975	425
975	479
975	548
975	652
975	816
975	907
976	69
976	73
976	81
976	108
976	110
976	191
976	223
976	316
976	326
976	376
977	10
977	192
977	568
977	586
977	652
977	700
977	735
977	785
977	907
977	915
978	56
978	146
978	383
978	465
978	469
978	513
978	621
978	661
978	681
978	834
979	10
979	43
979	295
979	391
979	399
979	479
979	515
979	516
979	683
979	702
980	311
980	322
980	348
980	414
980	523
980	567
980	698
980	713
980	896
980	991
981	22
981	165
981	299
981	416
981	655
981	823
981	888
981	931
981	965
981	990
982	156
982	197
982	233
982	522
982	582
982	696
982	745
982	755
982	865
982	943
983	1
983	39
983	186
983	260
983	494
983	503
983	525
983	941
983	942
983	969
984	142
984	197
984	262
984	268
984	363
984	389
984	428
984	489
984	524
984	771
985	105
985	140
985	146
985	268
985	287
985	339
985	346
985	741
985	947
985	950
986	116
986	164
986	378
986	405
986	560
986	636
986	856
986	857
986	884
986	973
987	98
987	272
987	462
987	508
987	642
987	680
987	731
987	752
987	845
987	886
988	14
988	25
988	154
988	463
988	577
988	640
988	846
988	898
988	906
988	912
989	15
989	69
989	275
989	365
989	392
989	417
989	559
989	643
989	675
989	949
990	267
990	273
990	367
990	577
990	618
990	680
990	763
990	873
990	929
990	981
991	54
991	87
991	111
991	208
991	232
991	403
991	406
991	426
991	758
991	980
992	2
992	102
992	132
992	136
992	227
992	237
992	529
992	543
992	786
992	876
993	165
993	232
993	282
993	449
993	485
993	488
993	647
993	801
993	900
993	937
994	6
994	117
994	258
994	371
994	446
994	679
994	715
994	718
994	925
994	965
995	14
995	207
995	219
995	273
995	294
995	344
995	365
995	422
995	660
995	905
996	4
996	186
996	198
996	214
996	302
996	499
996	572
996	753
996	792
996	852
997	48
997	92
997	211
997	261
997	509
997	597
997	664
997	696
997	785
997	875
998	131
998	288
998	331
998	332
998	378
998	539
998	694
998	774
998	794
998	844
999	18
999	111
999	233
999	238
999	330
999	414
999	426
999	677
999	737
999	788
1000	47
1000	161
1000	193
1000	249
1000	404
1000	549
1000	764
1000	833
1000	856
1000	857
